16.5
3.0
3.5
16.0
24.0
18.5
22.0
13.0
22.5
24.0
21.25
28.0
25.5
14.5
25.0
11.0
18.25
11.0
26.0
23.0
21.5
25.0
12.2
26.0
31.0
2.0
29.0
30.0
17.75
10.0
28.0
16.0
33.0
23.75
23.33
7.0
16.83
18.0
29.0
19.0
20.5
19.0
21.0
12.5
13.5
12.5
9.25
16.25
13.5
8.0
7.0
19.0
17.0
31.5
11.33
20.0
8.0
17.0
4.0
21.0
27.0
11.5
26.5
31.0
10.5
22.0
8.5
14.5
22.0
1.0
9.5
26.5
20.67
23.5
19.75
9.0
33.0
3.5
27.5
6.5
5.0
11.67
17.67
8.0
19.0
19.0
20.0
17.33
30.0
7.0
32.0
17.5
17.33
20.0
12.0
15.0
24.0
24.0
14.0
21.0
12.0
17.0
17.0
4.5
27.0
18.33
29.0
8.0
20.0
5.67
12.0
14.0
18.5
17.5
1.0
14.67
14.5
30.0
19.0
30.0
29.0
22.0
13.5
18.0
15.5
16.0
16.0
10.0
23.5
19.0
11.0
19.5
20.67
18.0
16.33
27.0
6.5
13.0
13.0
18.5
17.0
21.0
14.0
2.0
10.0
3.0
22.0
33.0
14.5
12.67
14.5
10.0
25.0
14.0
10.5
19.0
21.33
32.0
20.0
22.0
22.0
31.0
24.67
13.5
33.0
14.0
8.0
33.0
30.0
5.0
28.0
5.5
20.25
3.0
16.33
10.0
21.67
30.0
12.5
24.0
25.0
8.0
7.0
19.0
13.25
1.0
32.0
3.0
12.5
14.0
31.5
16.0
13.0
22.0
20.0
6.0
10.0
17.0
33.0
20.5
18.33
16.0
16.67
27.0
22.0
13.5
26.0
21.0
11.0
30.0
15.5
20.0
10.0
16.33
2.0
23.0
17.5
26.5
5.0
12.0
15.6
7.0
19.0
21.5
27.0
31.5
19.0
14.0
17.25
19.0
14.5
26.0
6.0
11.5
25.5
30.0
7.0
10.67
17.0
22.0
2.0
16.5
17.0
19.75
10.67
5.0
11.0
13.0
25.33
11.0
5.0
31.0
6.0
31.0
29.0
33.0
20.0
19.33
14.0
26.5
4.5
14.5
17.0
12.0
29.0
14.0
28.0
17.0
6.75
32.0
8.0
