11.0
28.0
10.0
43.0
30.0
33.0
24.0
9.0
23.0
10.0
4.0
43.0
18.0
37.0
40.0
45.0
37.0
3.0
21.0
25.0
15.0
20.0
7.0
13.0
31.0
38.0
13.0
8.0
39.0
27.0
11.0
13.0
27.0
30.0
10.0
25.0
29.0
3.0
6.0
45.0
33.0
16.0
23.0
24.0
25.0
15.0
35.0
35.0
32.0
36.0
26.0
7.0
43.0
42.0
24.0
43.0
28.0
15.0
35.0
41.0
32.0
2.0
18.0
17.0
18.0
24.0
18.0
18.0
1.0
12.0
1.0
29.0
37.0
27.0
12.0
31.0
19.5
39.0
39.0
16.0
21.0
21.0
9.0
32.0
43.0
21.0
36.0
5.0
32.0
26.0
9.0
39.0
19.0
9.0
23.0
42.0
26.0
29.0
11.0
40.0
7.5
30.0
16.0
15.0
15.0
21.0
3.0
19.0
1.0
21.0
19.0
44.0
35.0
37.0
37.0
13.0
5.0
22.0
5.0
36.0
28.0
24.0
8.0
36.0
13.0
41.0
41.0
15.0
9.0
32.0
36.0
22.0
6.0
36.0
1.0
25.0
23.0
41.0
10.0
18.0
33.0
32.0
25.0
9.5
10.0
10.0
11.0
7.0
40.0
17.0
21.0
3.0
