11.0
35.0
27.0
24.0
33.0
25.0
11.0
5.0
10.0
38.0
20.0
10.0
25.0
15.0
39.0
35.0
9.0
24.0
27.0
31.5
6.0
24.0
6.0
39.0
21.33
2.0
18.5
5.0
19.0
14.5
31.0
7.0
13.0
1.0
4.0
10.0
34.0
29.0
39.0
2.0
14.0
26.0
22.0
29.0
28.0
10.0
38.0
15.0
25.0
15.0
18.0
8.0
18.0
33.0
27.0
39.0
19.0
23.0
38.0
26.0
11.0
35.0
6.0
20.0
25.0
6.0
28.5
25.0
21.0
25.0
23.5
18.0
2.0
32.0
1.0
26.0
19.0
33.0
19.0
8.0
5.0
21.0
25.0
8.0
16.33
23.0
9.5
9.0
34.0
31.0
17.0
9.0
16.0
29.0
28.0
21.0
34.0
23.0
31.0
11.0
2.0
4.0
28.0
30.0
37.5
29.0
7.0
22.0
12.0
24.0
26.0
13.0
29.0
1.0
5.0
20.0
5.0
30.0
25.0
12.0
25.0
27.0
26.0
20.0
1.0
3.0
4.0
38.0
25.0
9.0
32.0
20.0
17.0
24.0
26.0
19.0
36.0
33.0
12.0
23.0
24.0
29.0
19.5
12.0
5.0
20.0
12.0
15.0
36.0
13.0
8.0
26.0
4.0
38.0
17.0
39.0
27.0
14.0
26.0
28.5
10.0
33.0
33.0
20.0
6.0
21.0
35.0
33.0
25.5
17.0
12.0
14.0
32.0
15.0
37.0
22.0
18.5
12.0
26.0
21.0
17.0
14.0
39.0
18.0
14.0
5.0
28.0
14.0
23.0
8.0
22.0
3.0
