21.0
30.5
33.0
17.0
36.0
11.0
14.0
10.0
5.0
34.0
6.0
18.0
28.0
35.0
32.0
27.0
11.0
20.0
14.0
38.0
34.0
24.0
34.0
8.0
19.0
28.0
3.0
31.0
27.0
30.0
36.0
8.0
4.0
29.5
7.5
9.0
24.0
32.0
2.0
17.5
26.0
5.0
8.5
6.0
15.0
24.0
8.0
39.0
6.0
33.0
18.0
32.0
4.0
25.0
2.0
21.0
35.0
11.0
1.0
7.0
19.0
34.0
16.0
20.0
5.0
17.0
21.0
30.0
1.0
14.0
42.0
12.0
22.0
28.0
28.0
20.0
15.0
21.0
24.0
27.0
2.0
15.0
22.0
20.5
9.0
29.0
32.5
33.5
19.0
39.0
17.0
38.0
12.0
21.0
4.0
15.0
31.0
39.0
3.0
25.0
38.0
5.0
23.0
29.0
15.0
33.0
30.0
37.0
17.0
35.0
3.0
2.0
12.0
10.0
37.0
38.0
5.0
41.0
14.0
41.0
6.0
6.0
19.5
16.0
21.0
24.0
7.0
18.0
19.5
7.0
6.0
9.0
20.0
24.0
30.0
17.0
15.0
9.0
34.5
3.0
13.0
20.0
27.0
22.0
36.0
11.0
13.0
33.0
28.0
42.0
37.0
12.0
6.0
6.0
31.0
4.0
26.0
36.0
21.0
24.0
19.0
13.0
39.0
17.0
20.0
20.0
6.0
17.0
8.0
8.0
10.0
7.0
2.0
