8.96
10.29
9.43
7.65
9.72
9.29
10.57
10.05
6.95
9.26
10.2
10.45
10.21
8.6
8.54
7.86
7.44
8.67
8.61
10.58
7.76
7.93
9.19
6.69
8.08
8.82
6.77
7.82
10.32
11.33
10.57
8.8
8.82
9.06
8.63
11.23
10.24
8.57
9.14
8.0
10.37
9.18
9.39
8.92
9.55
8.54
7.35
8.73
7.93
6.47
9.71
8.12
7.0
8.91
10.16
9.5
10.41
6.71
10.12
10.31
7.74
10.44
10.55
8.84
9.35
9.69
8.72
8.5
10.16
7.56
8.8
8.18
8.45
8.5
9.4
8.7
7.83
7.77
8.5
9.13
8.05
7.83
10.54
9.06
8.54
8.71
9.39
8.4
7.71
7.88
8.88
9.5
8.35
10.83
9.6
9.47
11.75
9.69
9.42
7.64
9.46
7.94
9.19
10.18
8.87
8.76
9.95
7.67
8.6
10.0
9.23
8.79
8.33
9.19
7.0
7.25
9.5
8.62
8.95
7.83
6.71
8.0
6.64
10.08
9.06
6.86
11.12
12.35
9.82
7.5
6.77
8.8
8.04
12.07
7.41
7.95
11.09
10.17
8.38
9.11
9.77
11.21
8.93
11.7
9.0
6.6
5.28
8.64
9.81
10.22
7.63
9.38
6.47
10.21
7.32
7.26
9.62
9.05
8.8
9.6
11.35
9.35
10.93
10.53
8.35
6.95
8.59
10.05
9.27
9.0
8.55
6.0
9.0
9.37
7.74
10.59
12.69
8.71
8.12
11.26
8.22
6.71
9.5
7.69
8.2
9.24
8.89
9.67
8.8
7.79
7.62
9.37
6.44
8.41
7.72
6.88
9.11
8.91
10.06
8.39
10.46
8.76
8.93
8.35
7.92
10.0
8.0
7.87
10.21
11.19
10.5
10.46
9.5
5.43
7.62
9.76
8.2
10.76
9.59
11.0
6.76
7.92
7.7
10.04
9.35
8.53
11.27
8.0
9.88
9.65
11.44
9.95
8.94
9.58
10.82
6.78
8.54
10.0
9.44
7.26
7.64
10.0
9.08
9.56
7.97
10.26
11.59
10.57
9.64
9.5
9.67
9.37
7.75
9.37
9.82
8.54
10.0
9.44
6.47
8.72
8.71
9.18
8.81
8.55
10.44
8.05
9.26
8.45
10.28
9.23
8.62
7.95
10.53
7.96
8.04
7.75
10.24
9.79
8.65
10.71
8.61
6.81
8.94
11.75
7.47
8.4
8.73
9.43
9.68
10.27
8.76
9.6
8.11
9.0
8.8
9.65
8.09
8.55
9.92
8.36
9.53
8.86
6.68
8.32
10.29
7.39
10.13
7.53
9.28
6.8
7.63
7.82
7.83
9.29
6.1
8.77
8.79
8.82
8.83
8.9
7.05
8.33
8.79
9.83
10.27
10.71
9.3
8.69
11.21
7.76
9.17
9.87
10.65
10.76
8.75
9.88
8.5
9.46
8.74
8.32
7.26
9.86
8.74
8.26
6.5
7.44
7.0
10.22
8.68
11.94
6.54
7.56
10.25
8.74
9.56
7.38
11.73
8.24
9.4
7.88
9.0
5.79
9.0
8.0
10.9
9.12
9.53
10.95
7.67
9.3
8.23
6.79
8.64
10.26
8.2
7.46
7.47
7.6
10.9
10.27
7.5
8.17
5.67
8.62
7.32
8.71
9.0
9.35
9.2
7.32
11.26
10.57
8.4
9.74
11.0
9.61
8.91
9.54
8.23
9.86
10.87
8.6
9.26
8.74
9.12
7.5
8.71
8.29
10.07
11.11
9.39
7.21
8.67
7.71
7.79
8.88
8.87
8.59
10.42
7.67
9.78
10.11
9.17
7.6
9.89
7.76
11.8
8.37
7.0
8.06
8.96
8.28
11.5
8.05
8.44
9.05
9.0
12.29
9.21
7.5
9.9
9.33
9.67
8.28
7.83
6.67
9.59
7.69
6.91
7.45
9.45
7.42
7.73
7.92
7.84
10.46
8.21
5.5
8.55
8.0
11.27
8.96
8.27
7.82
9.42
10.85
8.81
8.18
9.46
9.59
7.45
9.0
7.65
9.57
8.42
10.12
8.78
9.52
9.07
9.5
8.93
8.57
8.13
10.35
9.35
10.64
10.42
11.0
7.56
8.73
9.04
10.18
8.67
9.43
10.19
9.67
10.41
8.5
8.8
8.7
6.88
9.13
9.5
6.41
9.5
6.72
7.81
8.52
10.17
7.56
9.46
7.52
6.1
5.88
9.67
9.85
8.68
7.57
8.87
9.05
10.76
10.29
9.3
8.77
9.09
10.25
9.13
10.36
10.71
8.0
9.39
9.14
7.09
8.92
10.0
8.46
9.65
8.37
7.48
9.45
8.5
9.68
8.32
9.31
9.6
10.0
8.82
7.11
7.38
9.72
9.5
11.74
10.3
6.95
7.19
10.04
9.15
9.85
7.11
9.14
7.7
8.04
10.29
8.92
8.3
8.19
8.62
10.68
9.75
6.55
7.62
7.7
7.65
11.48
10.0
8.06
8.47
9.74
7.07
9.05
7.38
6.4
12.57
7.8
9.28
8.05
9.35
8.0
9.57
11.0
8.15
9.9
8.38
9.28
11.78
8.33
8.5
7.79
11.05
9.33
8.5
10.35
8.52
9.45
7.79
8.69
8.19
6.88
7.86
8.67
8.94
6.35
9.71
9.36
7.9
9.12
9.59
7.16
8.9
8.0
9.41
9.87
7.28
8.6
8.2
10.79
9.33
8.7
8.68
6.76
8.35
9.32
8.86
9.05
8.81
8.75
9.5
11.12
9.11
7.35
8.85
8.48
8.89
8.65
6.92
10.18
8.63
11.23
9.71
10.59
9.59
7.8
9.32
8.83
9.1
13.68
6.25
10.19
11.61
8.08
9.93
7.52
8.94
8.95
8.68
7.28
9.16
8.84
8.57
10.19
6.67
6.69
7.0
7.5
8.56
9.89
8.8
7.95
8.42
8.95
8.62
8.22
8.96
8.94
9.68
8.68
10.67
9.76
11.21
9.27
10.14
8.53
12.83
9.14
9.77
9.33
7.68
6.2
8.7
9.21
9.28
8.85
7.93
7.88
9.57
6.91
8.64
7.67
6.12
7.15
7.33
8.8
7.61
10.86
9.35
9.53
10.92
8.82
6.57
9.08
8.12
10.3
6.83
12.0
8.25
9.18
11.45
11.06
8.57
7.5
10.94
7.24
10.16
8.58
7.88
9.1
9.3
8.35
8.41
9.53
10.38
10.68
9.24
7.58
9.9
9.15
9.63
8.18
7.32
10.95
8.41
7.67
8.41
8.85
7.44
8.96
10.53
8.9
8.14
8.15
6.43
8.8
9.23
7.41
8.41
7.83
8.74
10.69
9.07
9.1
9.84
7.62
8.35
8.22
7.88
6.04
10.0
7.76
10.27
9.67
7.86
7.46
9.41
7.26
8.55
9.0
11.33
9.19
8.0
8.86
8.65
8.93
9.3
8.41
7.7
9.04
8.53
8.12
10.11
10.8
8.19
7.55
9.57
8.18
11.0
10.41
8.68
7.47
8.61
6.13
10.86
9.38
7.9
10.44
9.24
8.92
10.4
9.21
8.0
8.11
10.08
7.54
10.32
8.44
9.9
9.32
8.78
15.0
9.68
9.14
7.36
8.94
10.64
9.0
8.83
8.85
9.19
9.15
8.0
7.35
9.72
7.41
8.3
8.06
9.93
9.42
9.59
9.79
12.12
8.05
8.42
10.17
7.74
9.89
7.69
9.29
9.96
8.72
9.52
9.87
8.45
10.11
9.53
7.06
10.27
10.29
7.47
8.78
9.12
8.25
10.0
9.24
9.8
8.73
9.13
9.25
9.05
6.91
9.87
8.89
8.61
9.0
9.88
8.33
8.89
6.77
8.72
8.13
9.15
8.94
8.0
6.67
7.89
7.79
8.61
7.88
9.14
9.36
9.11
7.79
10.13
8.46
7.5
7.67
8.08
10.5
8.7
6.11
9.36
8.7
9.29
7.93
9.57
8.94
7.53
10.45
8.18
7.79
8.69
9.17
10.81
8.07
11.44
8.6
8.71
9.08
10.09
10.33
8.26
9.0
10.33
9.08
10.5
7.86
10.73
10.06
10.12
10.36
9.94
10.5
8.59
9.45
8.55
8.76
9.73
9.17
10.87
9.63
9.95
10.37
9.89
9.28
6.74
8.47
8.33
9.55
7.89
8.8
7.17
9.54
11.47
9.48
9.8
9.13
8.58
10.12
9.79
7.44
9.28
7.52
8.92
6.85
8.5
8.06
8.44
8.18
8.17
8.06
10.27
9.0
8.65
10.44
9.12
5.47
8.71
10.53
10.63
10.62
7.62
8.18
7.85
9.0
8.5
8.37
10.59
8.5
8.06
9.17
7.54
10.33
8.96
8.47
7.81
8.17
6.06
8.74
8.89
10.14
9.22
6.38
7.25
9.43
9.26
8.38
8.72
8.54
8.45
9.23
10.59
9.5
8.05
7.4
6.53
8.55
9.74
8.1
9.53
7.83
7.06
8.96
9.24
7.15
8.76
7.95
10.26
7.7
8.27
9.68
8.0
8.85
7.24
9.57
7.91
7.1
11.0
8.95
8.45
9.73
9.09
7.67
8.92
9.5
10.56
11.31
7.77
10.3
8.39
8.75
8.95
9.71
7.58
9.36
7.88
6.31
9.55
8.86
8.35
10.86
6.0
8.06
8.44
8.83
7.62
7.95
8.12
10.13
9.76
9.3
8.33
12.7
7.95
10.47
8.88
9.3
10.73
11.24
8.28
8.52
8.95
10.53
8.73
9.42
8.11
6.14
6.67
9.88
8.17
8.83
10.25
12.0
8.3
10.22
9.0
8.53
11.47
7.55
7.19
9.54
9.22
7.85
7.38
9.79
8.29
6.62
7.85
9.94
7.0
8.56
9.12
8.58
9.87
8.62
10.35
9.82
8.52
8.18
9.67
8.48
10.25
6.0
8.93
8.18
10.26
8.39
9.73
9.53
8.37
9.0
10.21
8.25
9.25
12.15
8.71
9.5
9.42
9.67
8.0
9.81
8.0
10.41
7.94
9.2
11.43
10.44
8.06
8.17
8.86
9.0
7.89
7.33
10.68
8.18
10.64
9.13
11.0
9.44
9.12
8.14
10.15
8.5
8.38
9.06
7.72
8.6
9.22
7.64
9.86
9.83
11.88
6.96
7.82
8.42
10.16
9.65
9.77
7.46
9.33
11.9
9.9
9.27
8.25
6.22
7.7
9.31
8.83
9.71
8.76
8.52
8.11
8.29
8.53
7.21
9.46
7.33
10.56
8.1
9.05
7.45
12.0
7.48
10.11
11.25
9.65
9.77
11.68
8.81
9.3
9.89
8.71
11.0
7.91
10.36
7.91
10.53
10.44
8.59
9.09
9.12
11.39
10.0
9.25
10.85
9.44
7.7
8.0
8.92
8.12
9.06
8.5
9.94
9.43
8.6
11.21
6.39
6.12
11.75
8.06
9.04
8.4
8.86
6.89
9.32
11.32
9.69
11.09
11.29
8.48
11.73
8.47
10.04
11.41
10.32
9.11
10.95
9.43
8.64
8.76
9.25
7.24
8.55
9.87
7.45
9.05
9.36
8.15
8.87
10.65
9.1
10.17
9.76
8.68
10.67
8.3
8.43
9.62
8.86
9.0
6.58
9.05
8.5
11.73
9.2
8.65
6.05
8.81
9.22
8.26
9.14
8.07
6.65
6.7
10.11
7.94
9.35
8.06
8.55
10.1
11.57
7.64
9.68
9.5
7.64
9.94
5.95
10.95
9.35
7.94
9.41
8.75
8.79
9.44
8.06
10.09
10.21
9.86
10.05
7.0
9.2
7.2
8.74
11.0
8.18
11.86
8.83
9.76
11.67
10.75
10.6
7.42
9.82
6.25
8.05
9.27
10.53
8.4
8.89
9.04
7.93
7.56
8.0
7.71
9.78
9.16
7.29
8.37
10.57
9.44
7.95
8.37
9.22
10.23
7.86
8.24
10.17
8.52
8.42
7.0
5.95
8.58
8.89
9.75
11.88
9.0
11.73
9.13
7.91
10.5
4.59
9.2
8.9
10.15
10.15
8.31
10.24
7.75
9.05
9.35
10.0
9.3
8.23
8.64
7.53
9.0
7.95
8.45
7.94
9.86
7.73
8.59
9.75
8.44
8.96
6.44
10.79
10.74
8.57
7.86
11.27
9.08
8.81
7.73
9.67
8.24
11.3
9.65
8.84
7.77
10.44
11.38
10.11
8.12
10.71
10.24
9.13
8.18
7.83
9.44
10.58
10.0
10.86
7.06
9.83
9.71
7.86
6.86
8.39
9.75
5.69
8.9
8.27
11.24
4.92
8.43
9.42
9.35
8.67
9.57
6.44
6.94
6.27
9.0
10.62
8.22
10.48
10.15
8.59
9.5
10.28
10.46
9.4
10.09
9.5
7.3
8.05
8.73
9.15
8.19
9.74
9.73
7.26
9.24
6.34
9.16
9.18
10.8
7.5
9.32
9.55
8.33
10.35
10.0
10.16
9.9
9.61
8.0
10.0
8.17
9.53
7.53
6.8
9.94
9.5
9.41
10.05
9.21
10.0
8.2
7.92
8.6
9.95
9.26
9.67
7.18
8.76
6.0
9.57
10.47
9.3
9.89
9.0
9.67
8.0
8.55
9.05
8.29
10.31
5.83
10.15
8.69
7.62
9.47
10.95
6.88
10.44
7.29
9.05
9.69
8.95
10.5
9.73
10.62
8.89
9.41
8.5
10.26
9.84
8.83
8.2
7.81
9.29
8.2
7.6
8.71
8.74
9.52
12.19
10.79
10.19
9.58
10.0
9.32
10.89
8.95
6.88
8.83
10.0
8.88
9.9
8.39
10.18
9.75
10.94
9.65
6.88
5.89
12.44
9.94
9.79
9.0
11.0
8.73
8.87
9.38
9.18
6.39
8.5
10.71
10.46
8.63
8.83
9.12
8.95
5.88
8.36
8.89
8.91
9.33
8.92
8.71
9.48
7.54
7.29
9.31
8.64
7.1
8.19
8.09
8.25
8.17
11.05
7.12
9.29
9.85
9.56
9.05
10.42
9.09
6.85
5.94
7.75
9.38
10.21
8.17
7.89
7.62
9.32
10.0
8.79
10.4
10.78
9.75
8.69
7.36
9.43
8.64
8.47
9.35
9.2
9.28
10.44
6.76
8.44
8.6
7.76
10.17
8.19
7.58
10.85
8.78
7.17
9.58
8.78
8.29
11.2
8.88
9.07
7.5
7.7
10.05
11.15
9.16
9.7
9.44
9.12
9.7
5.65
8.2
7.82
9.61
8.23
9.0
8.74
8.65
9.67
8.53
10.44
9.84
7.18
7.65
6.42
8.67
7.0
9.19
8.82
11.04
9.2
7.82
8.46
9.45
9.75
5.71
7.33
9.08
10.65
8.0
9.2
6.69
9.41
9.0
8.72
6.75
11.07
8.14
8.0
7.35
8.33
7.6
8.7
8.79
10.61
10.0
8.95
9.3
9.86
6.47
10.12
8.05
8.71
9.57
11.47
9.06
11.17
8.05
9.33
7.88
7.67
8.35
9.6
7.28
8.0
9.06
8.27
10.44
9.05
10.28
9.95
9.04
10.0
8.05
6.5
9.32
8.62
8.55
9.54
8.48
9.05
8.7
8.8
10.57
8.55
7.77
10.58
8.2
8.72
7.29
9.15
8.83
8.62
8.48
8.56
8.73
8.94
9.24
8.12
8.84
7.89
9.75
8.5
9.24
9.69
8.88
9.26
9.08
10.47
9.31
8.84
8.43
7.47
10.25
7.26
10.37
10.31
8.26
6.45
8.82
8.14
9.67
10.05
7.22
9.06
8.94
8.71
7.6
10.05
8.29
10.38
9.21
8.7
7.4
9.29
9.2
8.93
9.58
6.64
7.42
8.17
8.7
10.29
8.05
9.73
8.24
8.86
8.2
7.17
9.25
8.53
10.43
9.2
7.44
7.89
9.0
9.25
8.2
7.92
8.72
9.0
10.28
10.17
9.35
9.35
7.33
9.89
7.33
8.47
9.2
9.0
7.95
9.83
11.47
6.74
8.27
8.0
7.28
9.56
7.35
6.8
9.19
10.75
9.19
8.86
7.57
7.92
8.19
7.89
7.15
10.25
8.9
7.79
8.5
10.0
8.75
9.86
11.84
9.14
8.36
8.94
10.47
9.19
8.6
10.56
8.3
11.75
8.0
8.05
9.04
11.22
8.64
7.73
10.07
8.75
9.05
8.94
7.33
6.78
10.22
7.05
12.45
6.59
9.48
8.54
9.73
8.12
11.0
6.88
9.62
9.0
10.12
9.53
8.74
10.0
8.94
7.5
7.06
5.5
8.73
8.43
10.12
10.12
10.84
8.82
9.25
9.92
9.0
9.12
7.29
7.42
9.36
7.73
8.41
11.43
6.73
7.42
9.0
8.57
8.14
8.47
10.56
8.78
9.12
7.85
9.27
8.47
10.47
8.44
8.53
9.89
9.87
9.64
11.68
10.43
10.7
8.83
7.25
9.25
8.75
7.56
10.35
7.74
8.29
8.53
11.07
7.33
6.06
6.3
8.07
9.8
8.62
9.24
9.1
10.43
11.27
10.19
9.68
8.9
9.79
10.08
8.88
9.38
9.28
10.26
10.18
7.94
8.75
9.89
7.8
8.47
8.65
9.48
9.42
8.93
7.64
9.35
8.75
10.55
8.38
10.73
9.6
9.08
10.24
9.84
8.68
11.44
12.67
8.5
9.3
10.56
7.53
8.65
8.55
9.06
9.09
7.06
8.7
10.53
7.78
10.31
8.18
8.19
7.86
11.35
