3.0
13.0
19.0
24.0
20.0
1.0
30.0
20.0
12.0
34.0
17.0
32.0
16.0
22.5
18.33
23.0
6.0
32.0
24.0
9.0
12.0
36.0
8.0
18.5
14.5
6.0
5.0
21.0
26.0
20.67
36.0
7.0
8.0
14.0
9.0
17.0
21.0
29.0
21.0
16.0
7.0
18.0
15.5
12.5
24.0
11.0
33.0
19.5
22.5
12.0
20.5
7.0
27.0
32.0
15.5
14.67
18.5
26.5
35.0
17.5
29.0
5.0
22.0
11.0
25.0
2.0
12.0
17.0
1.0
28.0
12.0
16.0
16.0
33.0
17.0
6.0
22.5
17.0
24.0
27.5
18.0
5.0
13.0
21.0
10.0
11.5
20.0
11.0
26.0
16.0
16.67
25.5
30.0
26.0
21.0
35.0
22.0
6.0
12.0
1.0
10.5
19.0
22.5
14.0
6.5
18.0
12.0
19.0
22.0
17.0
7.0
5.0
14.5
23.0
11.0
22.25
9.0
32.0
29.0
33.0
9.33
22.5
16.0
29.0
24.0
5.0
34.0
9.0
28.0
22.0
12.5
18.5
14.0
18.5
18.0
21.5
1.0
4.5
7.0
15.5
17.0
33.0
7.0
2.0
17.0
8.0
6.0
14.0
6.0
11.0
26.0
26.0
28.0
20.0
17.0
36.0
9.0
26.0
16.5
14.0
33.0
35.0
18.0
28.0
24.0
13.0
5.0
11.0
7.0
29.0
11.0
34.5
34.0
10.0
30.0
27.0
17.0
13.0
10.67
10.0
2.0
12.0
34.0
17.0
4.0
8.0
21.5
32.5
17.0
17.0
9.0
22.0
12.0
18.0
15.0
17.0
6.5
1.0
10.5
18.0
15.0
7.0
20.0
15.0
13.0
22.0
34.0
15.0
36.0
18.0
27.0
28.0
3.0
