13.0
9.0
35.0
9.0
49.0
18.0
15.0
10.0
14.0
39.0
27.0
8.0
47.0
47.0
11.0
46.0
17.0
15.0
42.0
8.0
2.0
24.0
20.0
13.0
22.0
46.0
40.0
26.0
20.0
46.0
10.0
44.0
33.0
51.0
9.0
4.0
38.0
47.0
37.0
43.0
51.0
16.0
13.0
3.0
16.0
26.0
28.0
25.0
9.0
36.0
43.0
14.0
43.0
37.0
48.0
17.0
15.0
45.0
11.0
10.0
12.0
17.0
27.0
21.0
8.0
22.0
17.0
46.0
49.0
30.0
16.0
29.0
24.0
12.0
12.0
6.0
15.0
27.0
51.0
27.5
1.0
49.0
25.0
42.0
39.0
21.0
41.0
7.0
36.0
15.0
33.0
46.0
23.0
45.0
51.0
17.0
44.0
6.0
43.0
42.0
28.0
28.0
26.0
47.0
19.0
39.0
40.0
38.0
36.0
14.0
29.0
30.0
