18.12
12.0
11.2
12.27
16.4
11.71
14.8
11.0
8.5
13.2
15.12
14.33
15.57
14.83
8.89
14.33
14.75
14.4
13.78
12.78
13.23
15.22
8.17
14.5
13.62
13.4
13.57
12.0
11.67
11.14
10.0
12.0
12.2
9.89
13.67
11.7
13.6
8.92
15.0
12.64
13.62
9.67
12.86
14.0
15.4
12.0
9.8
14.0
17.0
10.43
16.33
12.2
9.12
12.9
13.11
15.6
8.57
12.29
12.25
11.25
11.4
10.67
15.33
11.08
9.25
12.11
13.0
14.83
12.29
11.57
11.5
12.08
12.0
11.22
11.0
11.22
20.17
11.75
10.3
12.12
16.38
10.56
10.83
11.83
11.5
13.0
12.67
15.2
12.0
7.5
8.25
9.83
12.17
16.11
11.25
5.0
14.5
13.17
8.89
9.33
18.0
14.11
11.82
15.46
16.33
15.3
15.67
9.44
10.75
9.88
11.6
15.2
13.9
13.78
13.3
13.67
13.12
8.88
11.0
9.22
12.67
8.86
10.2
9.29
15.0
13.25
11.36
11.12
9.5
12.0
13.0
8.85
16.0
18.12
13.38
15.38
13.0
14.17
10.78
13.0
15.0
13.43
16.0
8.29
12.43
8.83
8.6
9.0
13.83
10.89
16.43
11.57
11.38
7.25
10.64
18.43
9.75
10.86
1.0
12.9
11.56
16.0
11.62
13.33
14.0
8.62
13.8
13.5
7.0
12.71
8.33
15.5
8.0
10.14
15.0
17.83
10.11
11.57
6.1
8.71
13.4
12.8
11.45
12.0
16.33
8.14
11.2
13.83
16.0
18.4
11.08
11.71
11.0
12.5
14.0
15.0
16.43
10.0
11.25
12.0
17.75
14.57
7.5
13.2
11.14
15.0
11.22
9.0
15.0
11.0
12.78
11.8
7.5
11.25
9.5
12.6
7.0
12.43
14.55
11.5
15.62
8.67
14.89
16.67
4.5
9.54
14.86
8.0
10.0
13.6
11.29
12.2
11.62
5.5
9.5
13.93
11.0
13.5
7.83
12.5
7.0
14.25
13.86
13.0
9.67
10.11
12.33
15.6
9.75
10.33
8.0
12.43
8.75
10.75
13.0
12.57
11.5
16.67
12.4
11.43
10.0
13.57
7.0
10.0
10.9
14.0
17.0
16.0
17.12
10.0
10.12
17.83
15.12
14.0
7.67
10.0
13.4
15.33
6.8
9.33
14.75
10.5
12.5
9.6
13.67
13.0
13.0
14.33
17.1
11.0
9.5
10.75
13.25
9.12
17.25
11.55
13.7
11.25
10.67
14.64
11.14
9.6
10.4
13.82
10.6
8.88
12.08
10.5
12.44
11.57
9.7
13.33
9.62
12.86
4.75
12.33
12.67
12.89
12.0
11.4
15.2
15.38
13.67
11.6
9.5
10.12
7.4
18.43
11.71
12.25
12.67
13.78
11.2
11.67
12.67
13.5
15.11
14.6
10.45
15.25
14.22
12.88
12.0
13.89
6.67
10.0
8.4
14.44
16.33
15.0
14.75
7.0
8.67
11.22
8.33
10.75
11.22
19.0
14.14
11.5
12.2
11.33
15.88
13.83
13.0
5.0
16.12
10.71
11.0
8.5
14.56
11.25
12.1
11.33
10.9
10.9
8.75
12.5
9.45
12.38
10.6
13.8
14.4
14.88
13.62
9.33
12.0
12.0
8.88
12.67
12.2
15.75
12.11
12.12
12.3
12.29
15.86
11.5
12.6
11.14
12.64
11.2
12.86
10.12
14.5
13.67
17.12
13.2
10.5
16.2
13.45
8.88
10.0
15.0
20.6
11.4
13.75
11.6
13.0
11.67
13.67
11.62
14.43
13.22
6.17
8.33
9.83
12.44
9.38
14.25
12.5
9.67
6.8
9.4
9.2
8.2
12.0
14.4
11.0
13.0
8.33
13.38
10.0
14.0
10.67
13.0
11.71
11.17
12.5
14.25
11.88
8.22
14.33
12.0
13.2
12.54
12.78
12.86
12.31
9.44
11.83
9.14
17.0
13.57
10.5
12.33
14.4
12.6
11.8
13.2
7.0
17.0
7.67
8.75
10.0
15.83
10.22
15.0
16.43
8.25
11.0
12.38
12.2
13.33
5.8
13.33
11.0
15.75
14.5
13.33
15.67
10.45
12.62
12.0
10.0
9.71
10.2
10.33
10.33
12.82
1.0
15.08
8.12
14.57
10.8
12.0
8.29
10.67
13.56
7.5
9.33
9.25
8.25
7.56
12.3
8.25
9.71
9.71
9.29
15.0
11.29
10.0
10.71
16.12
8.62
14.14
13.83
11.0
8.44
6.5
8.57
9.67
10.71
16.0
11.73
16.0
9.0
7.12
7.67
9.44
12.33
7.75
8.17
15.67
13.17
12.0
19.0
10.36
8.5
13.0
18.2
13.22
14.71
16.67
12.0
13.83
17.25
13.71
16.43
11.6
13.0
10.29
13.25
9.25
11.4
7.0
10.86
14.62
16.0
7.0
11.38
16.0
15.29
13.0
9.5
13.33
11.5
8.0
6.67
11.82
13.88
6.57
13.3
14.33
14.14
9.8
13.42
7.17
16.8
11.75
12.86
5.8
11.5
9.55
9.6
9.25
12.29
11.22
8.67
16.33
14.86
14.73
12.0
11.64
7.17
13.11
11.0
13.33
14.83
10.5
17.0
8.71
13.75
7.58
9.12
6.71
18.4
17.83
12.75
11.89
11.6
9.4
11.91
11.55
5.5
9.62
15.67
14.89
12.54
13.67
8.0
8.17
13.25
9.6
12.29
12.12
11.29
15.43
12.8
14.0
14.14
11.17
10.56
12.12
16.0
11.38
8.67
10.73
10.89
11.86
11.5
15.0
10.5
14.8
17.33
11.43
9.25
14.6
11.17
12.2
17.57
7.75
14.2
11.2
17.83
11.86
14.88
13.83
16.75
12.38
10.33
18.5
15.4
14.0
11.14
11.11
12.44
13.4
7.86
14.6
14.0
12.33
11.0
12.62
12.8
10.0
14.71
11.11
8.0
10.57
12.12
11.75
9.43
10.86
11.83
16.0
16.29
16.6
8.75
8.5
9.0
13.5
11.33
11.54
13.17
9.83
11.55
11.4
20.38
10.25
9.86
2.0
18.0
12.64
7.25
7.86
10.33
13.6
12.0
8.14
13.67
15.0
12.86
9.0
13.14
8.0
12.75
13.38
13.75
14.67
10.09
13.67
6.14
11.0
13.71
12.5
12.44
6.4
16.09
12.3
13.71
12.29
9.82
12.67
12.8
15.0
10.5
13.43
13.29
10.67
10.62
12.0
10.0
10.67
11.17
16.5
15.5
14.25
14.4
14.0
10.0
12.9
12.67
10.44
17.5
11.29
12.22
12.5
9.6
13.43
10.86
10.12
14.0
12.62
13.5
10.67
10.89
10.75
14.67
7.0
13.14
10.33
15.0
12.4
11.0
15.14
13.58
11.0
11.44
14.0
8.33
11.55
13.67
14.0
9.6
11.29
11.22
12.29
15.2
14.14
14.4
14.14
13.73
8.5
6.5
8.4
10.25
12.08
14.4
11.5
11.42
16.0
12.62
13.0
10.64
12.38
12.43
14.83
8.14
13.75
9.44
8.2
14.29
15.12
8.86
16.5
14.0
12.5
9.17
8.6
14.67
10.0
11.0
12.43
14.0
6.5
9.67
16.89
11.82
5.0
6.2
8.17
6.67
9.83
16.56
15.62
5.8
13.83
14.67
9.6
11.38
10.83
16.0
15.67
13.0
14.4
10.0
9.67
14.29
15.2
14.43
11.0
12.5
12.5
9.27
12.0
9.29
13.5
9.4
10.75
12.2
11.4
13.67
9.9
11.25
12.14
12.67
20.5
12.86
9.6
7.29
10.0
12.71
14.7
10.11
15.71
12.8
10.83
15.5
13.88
14.73
12.2
8.67
12.06
12.45
12.8
11.8
11.3
9.89
15.2
10.75
22.5
7.8
13.43
11.75
9.75
15.71
11.8
11.33
14.9
13.25
12.5
10.86
14.29
9.25
12.08
8.0
14.57
12.21
8.56
9.71
8.75
13.25
16.29
13.0
11.83
14.33
8.83
12.0
9.83
13.0
14.33
10.64
8.0
13.2
13.44
7.14
13.3
11.0
11.5
12.0
10.8
8.0
9.67
6.5
16.4
16.75
16.0
14.4
15.6
10.67
12.7
10.78
13.57
10.25
10.57
12.0
11.12
11.22
13.12
15.62
11.92
13.25
12.29
13.44
14.5
14.4
14.14
11.55
8.5
9.89
12.14
13.07
12.33
16.6
14.67
13.86
9.14
16.86
11.4
11.17
12.0
11.57
17.33
14.5
10.67
13.56
14.2
9.17
11.67
18.29
13.4
10.88
7.57
