16.8
20.0
10.0
10.0
12.67
17.2
17.75
11.33
17.17
17.0
23.33
2.0
11.75
9.0
7.5
10.0
18.0
17.0
19.5
3.33
26.5
11.0
17.0
22.25
4.0
10.5
8.0
14.0
17.33
9.0
7.67
4.5
21.5
21.0
13.0
16.0
20.0
17.33
17.5
4.0
10.0
14.8
14.0
4.0
18.0
13.0
18.0
26.75
17.25
8.0
6.0
2.0
29.0
15.0
6.0
19.0
30.0
7.0
13.0
19.0
24.0
16.0
21.33
22.0
15.5
14.0
16.0
20.0
19.0
1.0
21.0
9.5
17.0
12.0
30.0
19.5
18.67
18.5
8.0
15.0
22.0
21.25
24.0
19.0
16.0
25.33
1.0
13.75
23.0
15.0
11.0
22.0
14.0
15.0
10.0
2.0
18.33
20.33
23.0
9.67
15.0
8.2
15.0
25.0
7.0
21.0
20.0
14.5
12.5
15.5
24.25
24.33
11.2
18.5
10.5
25.0
14.0
7.0
26.5
13.0
1.0
15.0
11.33
15.2
15.25
22.0
9.0
9.5
6.67
10.4
15.0
14.5
21.25
25.0
12.25
12.5
17.0
10.67
11.5
16.0
22.0
15.75
15.0
9.0
13.5
10.33
21.67
19.75
21.0
20.5
18.33
22.5
22.0
29.0
9.25
4.5
9.67
17.67
10.0
10.0
9.0
6.33
11.0
12.67
9.0
7.0
20.5
14.5
16.0
9.67
13.33
20.0
17.5
11.0
12.67
13.0
23.5
16.67
13.6
16.5
9.0
22.0
13.33
5.0
22.83
11.0
21.0
24.0
14.0
18.0
15.0
4.0
18.4
12.5
4.0
18.5
9.5
15.0
6.5
12.4
24.0
2.0
15.33
10.5
12.33
12.0
16.0
18.0
18.67
14.0
15.0
6.0
13.0
27.0
16.0
13.0
17.5
8.0
15.0
3.0
18.0
17.17
19.0
7.0
16.33
14.67
5.5
18.33
10.67
10.5
23.0
6.0
9.0
11.5
13.67
11.0
13.33
5.5
17.5
9.75
9.5
18.25
20.0
22.33
20.0
10.0
22.5
19.0
29.0
29.0
4.0
18.67
12.0
18.5
6.0
11.0
22.5
15.17
8.0
19.0
10.67
19.0
18.5
22.0
12.67
9.0
7.0
1.0
21.0
13.33
15.33
29.0
17.0
12.0
2.67
7.0
13.67
18.67
9.0
16.5
10.5
23.0
22.0
1.0
11.25
11.25
3.0
13.5
20.0
16.33
28.0
14.0
18.0
8.67
6.0
10.67
8.6
7.2
12.0
17.2
24.0
20.0
14.0
3.0
23.0
20.0
5.0
11.0
17.5
14.5
18.33
18.5
22.67
17.0
11.67
16.25
18.5
2.0
19.0
26.0
6.0
24.0
11.33
15.33
29.0
18.33
21.0
16.33
1.0
17.0
25.67
15.5
21.0
20.0
16.2
6.0
13.25
19.0
13.33
13.0
4.5
17.75
19.33
4.0
20.5
30.0
3.33
22.25
17.5
11.0
13.5
6.0
12.5
17.0
18.0
29.0
22.0
13.0
24.0
11.5
15.5
22.5
10.5
20.0
17.0
21.5
23.0
14.0
16.0
18.0
19.33
20.67
20.0
3.0
1.0
17.67
21.5
23.0
6.0
21.0
8.5
14.67
9.5
20.5
15.4
10.0
29.0
21.0
18.75
14.5
16.33
10.0
11.0
19.5
7.0
15.0
17.0
21.0
12.4
11.5
13.75
16.0
22.0
