22.0
10.0
4.0
21.0
13.0
1.0
31.0
24.0
3.0
18.0
16.0
38.0
46.0
10.0
47.0
40.0
14.0
18.0
9.0
27.0
5.0
42.0
16.0
41.0
44.0
40.0
16.0
41.0
12.0
19.0
1.0
26.0
41.0
35.0
11.0
27.0
37.0
13.0
15.0
29.0
2.0
34.0
8.0
40.0
33.0
20.0
23.0
5.0
46.0
18.0
23.0
16.0
22.0
1.0
46.0
43.0
1.0
10.0
2.0
46.0
16.0
42.0
24.0
21.0
40.0
31.0
17.0
24.0
36.0
10.0
32.0
34.0
35.0
26.0
47.0
35.0
2.0
41.0
43.0
14.0
41.0
33.0
11.0
9.0
9.0
13.0
16.0
11.0
26.0
15.0
31.0
48.0
34.0
22.0
5.0
30.0
12.0
9.0
33.0
22.0
31.0
24.0
38.0
42.0
35.0
5.0
43.0
19.0
17.0
23.0
20.0
36.0
40.0
33.0
1.0
26.0
36.0
10.0
18.0
28.0
10.0
38.0
5.0
39.0
23.0
37.0
35.0
25.0
13.0
22.0
10.0
2.0
44.0
3.0
19.0
3.0
33.0
31.5
23.0
41.0
14.0
13.0
48.0
47.0
21.0
9.0
38.0
31.0
29.0
14.0
40.0
